Iteration	Throughout	Latency
1	35.767500	117.204400
2	36.613700	115.877100
3	39.051600	115.098600
4	39.527200	113.173800
5	41.474900	111.884900
6	46.918100	110.542500
7	44.206800	109.831600
8	44.417800	109.698800
9	46.482300	109.621300
10	44.384500	110.538800
11	44.974900	110.130300
12	44.609300	111.006500
13	52.522000	110.381000
14	44.333800	109.634400
15	47.764700	108.512900
16	47.142900	108.078800
17	46.998900	108.417600
18	47.119500	107.890100
19	46.788000	108.584900
20	43.891700	111.109000
21	44.323900	111.362500
22	49.166200	110.195700
23	44.492600	111.523600
24	43.702100	111.268000
25	44.726000	110.930900
26	46.855800	108.237000
27	53.713100	107.825700