1	1162.480000	4.000000
1	953.850000	5.000000
1	1179.700000	4.000000
2	1120.360000	4.000000
3	1170.590000	4.000000
4	1140.980000	4.000000
5	1186.330000	4.000000
6	1191.580000	4.000000
7	1082.840000	4.000000
8	1215.820000	4.000000
9	1231.710000	4.000000
10	1399.270000	3.000000
11	1374.960000	3.000000
12	1146.140000	4.000000
13	1137.210000	4.000000
14	1247.810000	3.000000
15	1238.870000	4.000000
16	1322.830000	3.000000
1	1131.730000	4.000000
1	1128.180000	4.000000
2	1231.630000	4.000000
3	1233.280000	4.000000
4	1291.690000	3.000000
6	1167.030000	4.000000
7	1203.960000	4.000000
8	1170.180000	4.000000
9	1188.110000	4.000000
11	1249.200000	3.000000
12	1252.810000	3.000000
13	1203.350000	4.000000
14	1144.060000	4.000000
16	1162.530000	4.000000
17	1129.960000	4.000000
18	1128.560000	4.000000
19	1146.870000	4.000000
20	1223.840000	4.000000
21	1161.310000	4.000000
23	1205.100000	4.000000
24	1152.350000	4.000000
25	1171.920000	4.000000
26	1340.300000	3.000000
28	1302.630000	3.000000
29	1156.700000	4.000000
30	1161.950000	4.000000
31	1076.950000	4.000000
32	1103.950000	4.000000
33	1197.840000	4.000000
34	1165.780000	4.000000
35	1161.430000	4.000000
36	1090.070000	4.000000
38	1181.940000	4.000000
40	1176.660000	4.000000
42	1193.360000	4.000000
43	1183.390000	4.000000
44	1205.090000	4.000000
45	1167.150000	4.000000
46	1214.290000	4.000000
47	1237.370000	3.000000
48	1227.600000	4.000000
50	1150.480000	4.000000
51	1124.420000	4.000000
52	1185.400000	4.000000
54	1179.070000	4.000000
55	1130.870000	4.000000
56	1172.600000	4.000000
57	1192.560000	4.000000
58	1123.120000	4.000000
63	1162.640000	4.000000
66	1156.100000	4.000000
68	1229.140000	4.000000
69	1220.770000	4.000000
70	1097.970000	4.000000
71	1246.370000	3.000000
73	1221.430000	4.000000
74	1209.540000	4.000000
75	1180.940000	4.000000
76	1209.530000	4.000000
78	1167.480000	4.000000
80	1288.500000	3.000000
81	1242.290000	3.000000
82	1186.530000	4.000000
83	1396.110000	3.000000
84	1255.270000	3.000000
87	1152.950000	4.000000
88	1200.760000	4.000000
92	1269.010000	3.000000
93	1226.240000	4.000000
94	1263.160000	3.000000
96	1239.600000	4.000000
97	1137.810000	4.000000
98	1162.720000	4.000000
101	1226.820000	4.000000
102	1101.200000	4.000000
103	1177.030000	4.000000
105	1236.720000	4.000000
106	1260.270000	3.000000
108	1331.050000	3.000000
109	1166.750000	4.000000
110	1110.230000	4.000000
111	1263.520000	3.000000
112	1330.140000	3.000000
114	1184.440000	4.000000
116	1096.980000	4.000000
117	1282.310000	3.000000
119	1213.350000	4.000000
121	1258.960000	3.000000
122	1117.050000	4.000000
124	1183.790000	4.000000
125	1280.350000	3.000000
126	1128.040000	4.000000
127	1113.870000	4.000000
131	1247.490000	3.000000
133	1195.670000	4.000000
136	1127.540000	4.000000
137	1194.900000	4.000000
138	1142.020000	4.000000
144	1076.990000	4.000000
145	1228.960000	4.000000
149	1344.040000	3.000000
151	1073.610000	4.000000
154	1087.210000	4.000000
155	1176.360000	4.000000
156	1219.900000	4.000000
157	1265.250000	3.000000
159	1069.120000	4.000000
162	1104.050000	4.000000
163	1184.790000	4.000000
165	1174.100000	4.000000
166	1152.430000	4.000000
175	1073.850000	4.000000
177	1282.830000	3.000000
179	1157.210000	4.000000
185	1343.790000	3.000000
190	1153.540000	4.000000
195	1156.080000	4.000000
197	1134.480000	4.000000
198	1152.250000	4.000000
200	1334.410000	3.000000
204	1089.850000	4.000000
205	1265.870000	3.000000
211	1145.140000	4.000000
212	1185.160000	4.000000
213	1162.220000	4.000000
214	1174.680000	4.000000
217	1230.390000	4.000000
224	1169.720000	4.000000
228	1282.170000	3.000000
233	1217.180000	4.000000
234	1236.000000	4.000000
240	1134.210000	4.000000
244	1200.650000	4.000000
245	1180.060000	4.000000
248	1161.190000	4.000000
254	1159.670000	4.000000
255	1166.460000	4.000000
256	1177.420000	4.000000
261	1142.020000	4.000000
266	1144.250000	4.000000
272	1163.320000	4.000000
274	1203.490000	4.000000
275	1281.050000	3.000000
279	1144.000000	4.000000
283	1216.290000	4.000000
286	1172.620000	4.000000
293	1189.830000	4.000000
294	1149.820000	4.000000
295	1131.980000	4.000000
314	1291.530000	3.000000
315	1216.590000	4.000000
330	1145.090000	4.000000
339	1131.230000	4.000000
342	1156.860000	4.000000
347	1216.930000	4.000000
352	1279.520000	3.000000
362	1224.210000	4.000000
365	1251.450000	3.000000
383	1361.490000	3.000000
396	1119.030000	4.000000
397	1343.420000	3.000000
398	1221.700000	4.000000
402	1150.950000	4.000000
406	1044.350000	4.000000
418	1174.360000	4.000000
419	1291.520000	3.000000
431	1179.670000	4.000000
444	1149.810000	4.000000
468	1037.350000	4.000000
482	1227.010000	4.000000
484	1100.120000	4.000000
491	1173.900000	4.000000
493	1123.130000	4.000000
1	1043.080000	4.000000
1	1198.720000	4.000000
2	1342.330000	3.000000
3	1155.300000	4.000000
4	1365.560000	3.000000
6	1140.000000	4.000000
7	1175.660000	4.000000
8	1142.090000	4.000000
9	1134.670000	4.000000
11	1189.430000	4.000000
12	1130.080000	4.000000
13	1280.190000	3.000000
14	1180.720000	4.000000
16	1161.290000	4.000000
17	1242.790000	4.000000
18	1385.760000	3.000000
19	1155.550000	4.000000
20	1152.580000	4.000000
21	1151.050000	4.000000
23	1127.450000	4.000000
24	1335.530000	3.000000
25	1179.170000	4.000000
26	1380.730000	3.000000
28	1219.290000	4.000000
29	1293.470000	3.000000
30	1122.880000	4.000000
31	1171.210000	4.000000
32	1176.690000	4.000000
33	1352.980000	3.000000
34	1166.320000	4.000000
35	1125.360000	4.000000
36	1312.640000	3.000000
38	1118.940000	4.000000
40	1126.990000	4.000000
42	1171.450000	4.000000
43	1101.160000	4.000000
44	1137.600000	4.000000
45	1162.480000	4.000000
46	1237.150000	4.000000
47	1195.530000	4.000000
48	1218.440000	4.000000
50	1209.620000	4.000000
51	1134.850000	4.000000
52	1118.010000	4.000000
54	1145.430000	4.000000
55	1159.780000	4.000000
56	1127.730000	4.000000
57	1136.320000	4.000000
58	1379.620000	3.000000
63	1167.220000	4.000000
66	1089.230000	4.000000
68	1182.890000	4.000000
69	1086.410000	4.000000
70	1187.660000	4.000000
71	1155.220000	4.000000
73	1343.180000	3.000000
74	1198.350000	4.000000
75	1085.540000	4.000000
76	1145.900000	4.000000
78	1182.220000	4.000000
80	1223.470000	4.000000
81	1222.450000	4.000000
82	1177.050000	4.000000
83	1172.930000	4.000000
84	1174.390000	4.000000
87	1177.510000	4.000000
88	1139.280000	4.000000
92	1122.720000	4.000000
93	1183.380000	4.000000
94	1274.690000	3.000000
96	1132.780000	4.000000
97	1260.920000	3.000000
98	1167.320000	4.000000
101	1173.350000	4.000000
102	1180.730000	4.000000
103	1137.200000	4.000000
105	1196.650000	4.000000
106	1279.070000	3.000000
108	1381.720000	3.000000
109	1200.860000	4.000000
110	1220.570000	4.000000
111	1325.240000	3.000000
112	1175.250000	4.000000
114	1163.650000	4.000000
116	1098.590000	4.000000
117	1106.770000	4.000000
119	1263.920000	3.000000
121	1194.170000	4.000000
122	1346.970000	3.000000
124	1171.630000	4.000000
125	1357.830000	3.000000
126	1217.680000	4.000000
127	1236.070000	4.000000
131	1147.410000	4.000000
133	1179.080000	4.000000
136	1360.780000	3.000000
137	1093.370000	4.000000
138	1172.460000	4.000000
144	1211.750000	4.000000
145	1217.840000	4.000000
149	1168.580000	4.000000
151	1136.790000	4.000000
154	1222.390000	4.000000
155	1104.060000	4.000000
156	1115.560000	4.000000
157	1238.330000	3.000000
159	1298.750000	3.000000
162	1115.020000	4.000000
163	1344.530000	3.000000
165	1158.840000	4.000000
166	1306.370000	3.000000
175	1181.710000	4.000000
177	1224.190000	4.000000
179	1156.370000	4.000000
185	1126.380000	4.000000
190	1130.120000	4.000000
195	1340.730000	3.000000
197	1326.820000	3.000000
198	1154.370000	4.000000
200	1179.210000	4.000000
204	1129.080000	4.000000
205	1186.230000	4.000000
211	1197.230000	4.000000
212	1123.090000	4.000000
213	1184.170000	4.000000
214	1253.460000	3.000000
217	1253.280000	3.000000
224	1145.450000	4.000000
228	1202.440000	4.000000
233	1175.730000	4.000000
234	1128.680000	4.000000
240	1159.610000	4.000000
244	1328.750000	3.000000
245	1172.790000	4.000000
248	1199.060000	4.000000
254	1132.160000	4.000000
255	1153.400000	4.000000
256	1203.700000	4.000000
261	1111.950000	4.000000
266	1195.570000	4.000000
272	1095.260000	4.000000
274	1189.410000	4.000000
275	1166.340000	4.000000
279	1182.060000	4.000000
283	1169.540000	4.000000
286	1115.910000	4.000000
293	1105.620000	4.000000
294	1190.850000	4.000000
295	1126.320000	4.000000
314	1179.510000	4.000000
315	1205.820000	4.000000
330	1239.840000	4.000000
339	1206.650000	4.000000
342	1288.250000	3.000000
347	1141.380000	4.000000
352	1127.840000	4.000000
362	1290.960000	3.000000
365	1166.650000	4.000000
1	1213.300000	4.000000
1	1003.350000	4.000000
2	970.970000	5.000000
3	1077.490000	4.000000
4	1009.600000	4.000000
1	1053.010000	4.000000
1	1025.990000	4.000000
2	982.140000	5.000000
3	993.220000	5.000000
4	919.720000	5.000000
1	1022.390000	4.000000
1	1024.370000	4.000000
2	1058.260000	4.000000
3	1041.400000	4.000000
4	1066.870000	4.000000
5	1011.590000	4.000000
6	1021.800000	4.000000
7	1067.710000	4.000000
8	1039.280000	4.000000
9	1089.810000	4.000000
10	1053.920000	4.000000
11	1038.330000	4.000000
12	1005.040000	4.000000
13	1038.430000	4.000000
14	1092.180000	4.000000
15	1034.120000	4.000000
16	1013.690000	4.000000
17	1006.750000	4.000000
1	29.796800	74.611200
1	35.767500	117.204400
2	36.613700	115.877100
3	39.051600	115.098600
4	39.527200	113.173800
5	41.474900	111.884900
6	46.918100	110.542500
7	44.206800	109.831600
8	44.417800	109.698800
9	46.482300	109.621300
10	44.384500	110.538800
11	44.974900	110.130300
12	44.609300	111.006500
13	52.522000	110.381000
14	44.333800	109.634400
15	47.764700	108.512900
16	47.142900	108.078800
17	46.998900	108.417600
18	47.119500	107.890100
19	46.788000	108.584900
20	43.891700	111.109000
21	44.323900	111.362500
22	49.166200	110.195700
23	44.492600	111.523600
24	43.702100	111.268000
25	44.726000	110.930900
26	46.855800	108.237000
27	53.713100	107.825700
1	39.896000	58.225400
1	41.991200	111.808300
1	37.513500	63.037200
1	38.665100	59.696800
1	40.907000	111.810600
2	41.202500	111.341600
4	37.981100	113.504400
5	41.516000	109.629200
1	34.451100	61.060900
1	41.442400	111.443900
2	41.742400	111.272000
4	41.770700	111.141600
5	41.439100	110.785400
1	38.926700	60.243300
1	41.911900	111.664000
2	42.954600	111.748300
4	42.341100	110.635300
5	42.585600	110.434900
9	42.983900	110.832300
10	42.901800	110.308300
11	42.598400	110.005600
12	42.774600	110.487200
13	43.062800	110.090600
1	12.100000	40.000000
1	1049.690000	4.000000
2	974.900000	5.000000
